chr1:99999500-100000500_HAP1	500	A	A	585.9145086068711
chr1:199999400-200000400_HAP1	600	G	G	279.5261965492769
